(-0.013833693216146439, 0.0)
(-0.013840406807634287, 0.0)
(-0.018695530463581893, 0.1670794039964676)
(-0.027394096729343016, -0.10216320306062698)
(-0.037775068172221336, 0.08620020002126694)
(-0.046770696414419756, 0.05533840134739876)
(-0.07038191132889403, -0.03618279844522476)
(-0.07969280133339336, 0.0840718001127243)
(-0.09009703848044869, 0.0)
(-0.11381449759190626, 0.14685960114002228)
(-0.12348264922461381, -0.017027199268341064)
(-0.12401443054021416, 0.09364960342645645)
(-0.14084845742441204, 0.014898800291121006)
(-0.15667370669095648, -0.06385199725627899)
(-0.1316681359084699, -0.19155600666999817)
(-0.12795153251631874, 0.043632201850414276)
(-0.12867755475522838, -0.12131880223751068)
(-0.10255090679793132, 0.0713014006614685)
(-0.10933627701471549, -0.07449399679899216)
(-0.12719901419939297, -0.056402601301670074)
(-0.10036764916972174, -0.09897059947252274)
(-0.08148069125500114, -0.09152120351791382)
(-0.0666686625527589, -0.0063852001912891865)
(-0.06083878393235095, -0.06917300075292587)
(-0.028685948383030454, -0.103227399289608)
(-0.022938636213241523, 0.012770400382578373)
(-0.026333123895767672, 0.08939280360937119)
(-0.016888440107823487, -0.029797600582242012)
(4.4669181113846064e-05, -0.02128399908542633)
(-0.005640840406369172, 0.06278780102729797)
(-0.005390459202197557, 0.038311198353767395)
(-0.01872690654657867, 0.050017401576042175)
(-0.025117321850536098, 0.020219799131155014)
(-0.014999306089109586, -0.026605000719428062)
(-0.003958564327429775, 0.031925998628139496)
(-0.008745592746577659, 0.04043959826231003)
(-0.010170184910320563, -0.014898800291121006)
(-0.013889924910076961, 0.020219799131155014)
(-0.022827135188531997, 0.035118598490953445)
(-0.030689669854755002, 0.01809139922261238)
(-0.03438159239240285, -0.02128399908542633)
(-0.02803091605356264, -0.038311198353767395)
(-0.01701383652242991, -0.02128399908542633)
(-0.015225455092875722, -0.015962999314069748)
(-0.017921029255965153, 0.020219799131155014)
(-0.020757176580526806, 0.0)
(-0.021848382356175755, 0.012770400382578373)
(-0.025080742711004845, 0.015962999314069748)
(-0.02639883329534949, 0.008513599634170532)
(-0.028969789598109467, 0.007449400145560503)
(-0.031939694482348284, 0.0)
(-0.03535789135037174, 0.008513599634170532)
(-0.042069907842000244, 0.01383460033684969)
(-0.0494537994845863, 0.014898800291121006)
(-0.05365879442227969, 0.0)
(-0.05700651663642185, -0.01383460033684969)
(-0.056877212020662614, -0.008513599634170532)
(-0.05077876063489017, -0.028733400627970695)
(-0.04440808019786092, -0.04256799817085266)
(-0.033631475325834014, -0.026605000719428062)
(-0.028904923409515004, 0.0)
(-0.026981107915412274, -0.014898800291121006)
(-0.02560292706372275, -0.005320999771356583)
(-0.02514227698742015, -0.012770400382578373)
(-0.024758523029081797, 0.0)
(-0.02564153088930429, 0.0)
(-0.026714809685511348, 0.007449400145560503)
(-0.027097743004113158, 0.0)
(-0.02905474673574203, 0.0)
(-0.029657375045577153, -0.0063852001912891865)
(-0.030761170036852095, 0.0)
(-0.030547635005193387, 0.0)
(-0.03299867716892455, 0.008513599634170532)
(-0.03433152541974122, 0.0)
(-0.03402639770608814, 0.0)
(-0.0340139940380975, 0.0)
(-0.035804859526172385, 0.005320999771356583)
(-0.03845095076096412, -0.005320999771356583)
(-0.03982279432374729, 0.0)
(-0.04152152243815454, 0.0)
(-0.04335515861471365, 0.0)
(-0.044991414086867076, 0.0)
(-0.04677346945173969, 0.0)
(-0.04750446122372466, 0.0)
(0.08331303454506259, 0.0)
(0.0833209129920876, 0.0)
(0.14498180972033878, -0.9194688200950623)
(0.5093292701296842, -1.2121237516403198)
(0.965876799312992, -1.1823261976242065)
(1.3631623356288374, -1.1652990579605103)
(1.7655159326901624, -0.7513251900672913)
(2.046147915484195, -0.6023371815681458)
(2.2668487506271635, -0.6395841836929321)
(2.5090808962307176, -0.5916951894760132)
(2.748095965739136, -0.6119149923324585)
(2.9413499198154422, -0.6331989765167236)
(-3.1108098422381754, -0.5980803966522217)
(-2.930101114179272, -0.5895668268203735)
(-2.7593441591595935, -0.16282260417938232)
(-2.7577798363924475, -0.028733400627970695)
(-2.7792283999289973, 0.05533840134739876)
(-2.8019761900940527, -0.035118598490953445)
(-2.8058345418090167, -0.04788900166749954)
(-2.810067565287173, -0.028733400627970695)
(-2.830157767035975, 0.023412400856614113)
(-2.8442471552961566, -0.02128399908542633)
(-2.8584075799294335, 0.06598039716482162)
(-2.8763664723340434, -0.023412400856614113)
(-2.8797967647261276, -0.041503798216581345)
(-2.876009001827592, -0.05533840134739876)
(-2.887096182313621, 0.015962999314069748)
(-2.8992999029682975, -0.028733400627970695)
(-2.9092294031213104, 0.04576060175895691)
(-2.921843757844967, -0.009577799588441849)
(-2.931462623428689, -0.009577799588441849)
(-2.919454740086746, -0.06385199725627899)
(-2.927836178432227, 0.025540800765156746)
(-2.9364227173280977, -0.02128399908542633)
(-2.944912717497872, 0.004256799817085266)
(-2.952598225093683, 0.0)
(-2.9651378817151204, -0.014898800291121006)
(-2.9535618302038706, -0.050017401576042175)
(-2.956880569616529, 0.025540800765156746)
(-2.962614172745285, -0.009577799588441849)
(-2.972474252988608, -0.008513599634170532)
(-2.9768477802089683, 0.019155599176883698)
(-2.9914692762175084, 0.014898800291121006)
(-2.9844381233995954, -0.04256799817085266)
(-2.9793775871476673, 0.0)
(-2.9828734721928, -0.015962999314069748)
(-2.992082775601539, -0.009577799588441849)
(-2.9945265254960285, 0.03086180053651333)
(-3.009638000472125, 0.0)
(-3.0095030622259458, -0.010641999542713165)
(-2.997795637105927, -0.03299019858241081)
(-2.999187702130891, 0.008513599634170532)
(-3.010569915886979, 0.004256799817085266)
(-3.0108510820303636, 0.025540800765156746)
