(1.095882647119999, 1.3778796086684546)
(1.095860447856611, 1.377851697000695)
(1.073223639465209, 1.3493898933853012)
(0.7123755236029591, 0.895686878760796)
(0.3599998831820209, 0.45263651127529575)
(-0.03935277265102236, -0.049479187505075906)
(-0.3116744894947954, -0.3918758315460436)
(-0.4309590117292354, -0.5418551301949768)
(-0.43604736150427637, -0.5482528347441153)
(-0.3222523277013419, -0.4051756019246492)
(-0.19134480054848305, -0.2405824196535687)
(-0.039554837116737185, -0.049733248017555624)
(0.05226213285683785, 0.0657104365674597)
(0.10589941824234173, 0.1331498854822153)
(0.10657358404529702, 0.13399753036024573)
(0.10471994126313505, 0.13166690070933498)
(0.07135727037624118, 0.08971921221679686)
(0.056763665364575916, 0.07137032165321311)
(0.053468960430856964, 0.06722780990099117)
(0.048259872862051495, 0.060678298819957094)
(0.03796495575578313, 0.04773425194510412)
(0.03259946594578854, 0.04098809256468242)
(0.031657828000193546, 0.039804148528892136)
(0.0237797829499324, 0.029898893016859503)
(0.03540368267985924, 0.04451390170703649)
(0.048595582354234404, 0.06110039443843495)
(0.05710204719099004, 0.07179577726179066)
(0.04945124934381685, 0.06217624512359256)
(0.053173834882686496, 0.0668567414513813)
(0.04367008388811385, 0.05490744675664534)
(0.04527577496133889, 0.05692632076056547)
(0.06390452606174912, 0.08034869754851058)
(0.08509195284673365, 0.1069881588119111)
(0.08520399448313108, 0.10712903145600267)
(0.09921525300794397, 0.12474572377598583)
(0.1122700082887925, 0.14115978156302217)
(0.1682343221749292, 0.2115250593776501)
(-2.4367602910890285, -3.0637973191092307)
(-2.5180748013324084, -3.1660360084868415)
(-2.527095744841528, -3.1773782577183916)
(-2.1196931773146557, -2.665141211361563)
(-1.7623496783015387, -2.2158446357890016)
(-1.3485583868457764, -1.695574893184848)
(-0.9325376486302747, -1.17250201355053)
(-0.5750304294150362, -0.7229995886303)
(-0.1429616093732083, -0.17974906975253802)
(0.19288076303772184, 0.24251362223184075)
(0.36640327325505356, 0.46068764761837855)
(0.39871991784599825, 0.5013201420916418)
(0.34301527411048033, 0.4312813538025646)
(0.23460977868959237, 0.29498051721153945)
(0.11523788910134515, 0.1448913694874424)
(-0.011508269375445735, -0.014469623864528616)
(-0.07846756910112897, -0.09865916180931142)
(-0.1128818154377597, -0.14192902140564118)
(-0.10223736224217998, -0.1285454943992052)
(-0.08310208195351232, -0.1044862462806213)
(-0.062026952075746745, -0.07798797861945563)
(-0.054505977187941694, -0.06853167601036855)
(-0.044741760874859156, -0.056254892006368254)
(-0.046711040590813824, -0.058730914755254084)
(-0.046636029086897186, -0.058636600987321076)
(-0.028858965487136682, -0.03628507137739006)
(-0.029871021835849592, -0.0375575541650131)
(-0.04179247094278025, -0.05254667884308626)
(-0.04846886197788112, -0.060941065861566925)
(-0.05490947973866234, -0.06903900947179785)
(-0.06352428366052802, -0.07987060963246356)
(-0.04762343551348431, -0.05987809083501422)
(-0.04273004417884831, -0.05372551222183034)
(-0.052170050081360164, -0.06559465867922164)
(-0.06230756661391782, -0.07834080202719729)
(-0.06955754904982572, -0.08745637930903019)
(-0.08499762464566764, -0.10686955769607737)
(-0.07777885344326159, -0.09779322304876982)
(-0.0645124846705534, -0.08111309852902371)
(-0.0675344601799221, -0.08491270101675125)
(-0.08093011490872871, -0.10175537987848222)
(-0.09064734961225158, -0.11397309277485544)
(-0.11716490343867385, -0.14731425095928144)
(-0.16290200463157697, -0.204820608285885)
(0.26376251184103644, 0.33163494973850066)
(0.309651505445388, 0.3893322850470955)
(0.339149805666389, 0.42642120736164596)
(0.2581262969110216, 0.3245484011536231)
(0.15699955910619667, 0.1973993215704952)
(0.0827973683327139, 0.10410312251669905)
(0.012682965772737963, 0.01594659789679288)
(-0.03496314997706291, -0.04396000934481151)
(-0.05723734031492402, -0.07196588456037012)
(-0.0665763836855777, -0.08370808839826423)
(-0.06385937647023922, -0.08029192988123826)
(-0.04581512831144006, -0.05760446269932549)
(-0.033534767179780746, -0.04216406930057392)
(-0.03490046236187008, -0.04388119069856572)
(-0.04442946434791609, -0.05586223407217823)
(-0.052100309167684544, -0.06550697175115859)
(-0.053075874216378764, -0.06673357314963682)
(-0.045869694033815085, -0.05767306949439648)
(-0.03362494761310158, -0.042277455328266045)
(-0.038534491478594626, -0.04845034290697175)
(-0.049069649441949664, -0.061696450389334745)
(-0.05975907765651651, -0.07513652556881162)
(-0.0658711456869289, -0.08282137570128882)
(-0.059970741241643026, -0.07540265528499057)
(-0.04745508268290065, -0.0596664167721641)
(-0.04253306972700352, -0.0534778515062064)
(-0.05277657708998997, -0.06635725967440481)
(-0.0657811309221414, -0.08270819797262806)
(-0.08003660818193344, -0.10063195238166514)
(-0.08963725725240711, -0.11270307935767146)
(-0.08520280097590271, -0.10712753083066007)
(-0.09467358450055084, -0.11903537473257822)
(-0.1404467983681983, -0.17658713739366305)
(-0.23752816008694896, -0.29864986833075163)
(2.3297214794264804, 2.929214846876893)
(2.4353119341394387, 3.06197626508291)
(2.4536894372850937, 3.0850827417747215)
(2.075041751068395, 2.608999899256319)
(1.6899158688640419, 2.124771865119265)
(1.2824383525567724, 1.6124405838582931)
(0.8762154773745282, 1.1016867930584695)
(0.5178939934201147, 0.6511605734982608)
(0.08832612661516126, 0.11105456327421193)
(-0.20725923499344684, -0.2605920208301492)
(-0.35986105290536163, -0.45246195662952476)
(-0.3875047922087324, -0.4872190948993585)
(-0.34412565578449195, -0.43267746338645163)
(-0.2172069074820281, -0.2730994686958032)
(-0.09604985068919196, -0.1207657873113448)
(0.02535010260962921, 0.03187329369185304)
(0.0847588720400326, 0.10656936830291058)
(0.09355120434796299, 0.11762417917300874)
(0.09867958466771644, 0.12407221508876601)
(0.07689413119644073, 0.09668084048989505)
(0.0651925054916304, 0.08196810506215424)
(0.06228779839452406, 0.07831594696951942)
(0.05870345361454197, 0.07380926407262915)
(0.03708712665589519, 0.04663053630565123)
(0.03489297976946698, 0.04387178265517777)
(0.022532103385260585, 0.02833015549297262)
(0.02373634472895884, 0.02984427709692173)
(0.03867579848205917, 0.04862801160092134)
(0.050489169168273264, 0.0634812466812955)
(0.04095359251863321, 0.05149193682502275)
(0.04295443908588246, 0.054007649335237475)
(0.03776700431158104, 0.04748536283349227)
(0.03704268341360174, 0.04657465674823676)
(0.05072567440904727, 0.06377861040857245)
(0.07075424792085654, 0.08896101758069484)
(0.06633006883825168, 0.08339839081674424)
(0.06345086029671256, 0.0797782926712752)
(0.06316178342376537, 0.07941482936649678)
(0.054610934045383565, 0.06866364079148735)
(0.065143266063737, 0.08190619514523464)
(0.09050826248371016, 0.11379821518303562)
(0.10523311142350661, 0.13231212189393107)
(0.1270868375950066, 0.15978933740078158)
(0.17423646175389954, 0.21907169382430314)
(-0.27302072250077675, -0.3432755206649023)
(-0.3168500538836417, -0.3983831931266682)
(-0.35079767790867933, -0.4410663572681666)
(-0.28257094256057447, -0.35528324203294653)
(-0.20565565219412757, -0.25857579760971566)
(-0.0890079866261863, -0.1119118822650974)
(-0.010015497010871635, -0.01259272526873835)
(0.042676099341370136, 0.05365768608027271)
(0.07598505912896189, 0.09553784231588344)
(0.08076084443800108, 0.10154255204460944)
(0.07950105400388902, 0.09995858723330378)
(0.07005232893376438, 0.08807847795677323)
(0.053656774551067085, 0.06746395311134094)
(0.04137027009997886, 0.05201583556932195)
(0.0496388495189627, 0.06241211933566755)
(0.052687296173624706, 0.06624500463101471)
(0.05026307245690888, 0.06319696984837485)
(0.0499010091466613, 0.06274173894062372)
(0.04374457921989014, 0.05500111152893214)
(0.03867203600641722, 0.04862328094980758)
(0.051262675101418846, 0.06445379429418663)
(0.06181052278262154, 0.07771585686399261)
(0.06281148603018549, 0.07897439202874726)
(0.06018784009656168, 0.07567561889659974)
(0.05864742596397054, 0.07373881916007682)
(0.05036135133445086, 0.06332053824475725)
(0.06181084249402841, 0.07771625884483367)
(0.07508138940267806, 0.09440163663538492)
(0.07916547203145609, 0.09953665194847447)
(0.08241792697003672, 0.10362604176567863)
(0.09022729393291545, 0.11344494666670811)
(0.09625706832088242, 0.12102632702334151)
(0.15277848156271115, 0.19209205925635786)
(-2.2830438688680332, -2.8705259645053403)
(-2.358551648400498, -2.96546371170577)
(-2.314436539455893, -2.909996724242556)
(-1.9718480097745326, -2.4792519264741095)
(-1.5607206046378972, -1.9623315522065952)
(-1.2116068351927305, -1.5233824135483185)
(-0.7683412944254906, -0.9660539884165932)
(-0.3554233613952283, -0.4468823403654629)
(-0.0020448894782944737, -0.002571088721522663)
(0.296172172576102, 0.37238439564684495)
(0.394223716785569, 0.4956669603628133)
(0.39203905664368216, 0.492920134624412)
(0.3054851106040127, 0.38409377660946364)
(0.20040569658739393, 0.25197490216170076)
(0.05620794447967241, 0.07067160041929993)
(-0.0418995685002109, -0.052681335177785685)
(-0.09538766656293837, -0.11993320728359586)
(-0.1010282931831498, -0.12702530279266064)
(-0.08366635042207383, -0.10519571459704072)
(-0.07232215328287066, -0.09093238270114704)
(-0.06416834313427208, -0.08068040109870667)
(-0.05476092270515442, -0.06885222514070839)
(-0.05117218231709388, -0.06434001554006484)
(-0.046998097502861894, -0.059091838314613135)
(-0.025657328708459468, -0.03225957645483086)
(-0.020784846639843133, -0.026133287564690244)
(-0.03258854833781762, -0.040974365593607474)
(-0.03668038485571053, -0.04611913005796549)
(-0.041244576668305215, -0.0518577981946981)
(-0.0463793518922117, -0.05831387457724714)
(-0.03814450815651098, -0.047960007496850955)
(-0.028692782430119468, -0.03607612542302901)
(-0.040969269167464205, -0.05151164745262803)
(-0.05005249582524139, -0.06293220678492162)
(-0.057858575612177235, -0.07274697864058012)
(-0.06903556894836299, -0.0868000811736173)
(-0.06849467531139845, -0.08612000259513941)
(-0.05404457828442759, -0.06795154807214009)
(-0.06173054192518926, -0.07761529500836932)
(-0.07474793400483033, -0.09398237514392661)
(-0.09479333831203589, -0.11918594407988854)
(-0.1250862163354185, -0.15727390817530795)
(-0.20204823816008216, -0.2540401091848662)
(0.5681274563513011, 0.7143203145778233)
(0.6516328630160733, 0.8193136707180426)
(0.6839573267614961, 0.8599559964022853)
(0.481075467661103, 0.6048677555602273)
(0.29014285183546173, 0.3648035856719058)
(0.08252262879004743, 0.10375768588210146)
(-0.06302356363764217, -0.07924104230515933)
(-0.16541895485976793, -0.20798523034151462)
(-0.19877999496522925, -0.24993086841333662)
(-0.20185067948216145, -0.25379171390774613)
(-0.15993699865723396, -0.20109263496468685)
(-0.10606450088622345, -0.1333574478606757)
(-0.06846979916074003, -0.08608872521263455)
(-0.037863517042221774, -0.04760671061089915)
(-0.02174008232704905, -0.027334328368039423)
(-0.02662698060072426, -0.03347874309951644)
(-0.036842108328857974, -0.04632246887027219)
(-0.027913629258937603, -0.03509647740193638)
(-0.024719952598689813, -0.03108099092772274)
(-0.030558048103169606, -0.038421368814188936)
(-0.04658474378650236, -0.05857211874570134)
(-0.06513964204828608, -0.0819016385834491)
(-0.11854718559220352, -0.1490522275553889)
(1.541409994272298, 1.938051857365522)
(1.624662851031439, 2.042727676435458)
(1.6343964227741123, 2.0549659302840686)
(1.23476621616984, 1.5525012602438162)
(0.8480506772798649, 1.0662745125240096)
(0.5263005106318985, 0.6617302897689568)
(0.1065649628986252, 0.13398669078519299)
(-0.19863621061372327, -0.24975008489011327)
(-0.3356340982233243, -0.42200082383921905)
(-0.35584378662224475, -0.44741095111479656)
(-0.32073318411600854, -0.4032655461587593)
(-0.233998233404118, -0.2942116066161879)
(-0.14836920137225476, -0.18654816522783021)
(-0.04915717387512884, -0.06180649696417082)
(0.007452032109086407, 0.009369619195300929)
(0.04660794877469505, 0.05860129493544585)
(0.06254972732102808, 0.07864527650831518)
(0.06950918240425435, 0.08739556676231487)
(0.07133515025303953, 0.08969140005389706)
(0.07181955092284274, 0.09030044866608308)
(0.06700853729067534, 0.0842514455194318)
(0.0708350900656234, 0.08906266235359822)
(0.08809440169654541, 0.1107632099609532)
(0.10062114113895815, 0.12651338073531837)
(0.12518765926417363, 0.1574014548093774)
(0.20473897154027326, 0.25742323297706443)
(-0.2494582529784453, -0.31364986104704595)
(-0.30999599875540906, -0.38976542477099585)
(-0.349713426560972, -0.4397031019719874)
(-0.305242773606441, -0.3837890804741087)
(-0.21470666672033076, -0.2699558558542658)
(-0.130536901965012, -0.16412718630870707)
(-0.03672381206907316, -0.046173732137769305)
(0.014328055798990848, 0.01801500915191653)
(0.04273038246732842, 0.05372593756007236)
(0.062042776138038734, 0.0780078745935508)
(0.07106660293430007, 0.08935374905136853)
(0.0693099602962008, 0.08714508001448258)
(0.06910275865711246, 0.08688456041036913)
(0.06401302248269511, 0.08048511270795111)
(0.056445024364940026, 0.07096968666091913)
(0.06499707965874364, 0.08172239146239119)
(0.07581155620841262, 0.0953196929210577)
(0.0816811464292739, 0.10269966987189168)
(0.08217785038302931, 0.10332418769889003)
(0.09341558214199609, 0.11745365811167474)
(0.11041387511521239, 0.13882602068308642)
(0.1570529074279079, 0.19746639769843258)
(-1.5934516325940555, -2.0034850608510375)
(-1.6733964057962598, -2.1040015469040187)
(-1.6536670150204642, -2.0791953093813587)
(-1.3370018077880637, -1.6810445283949367)
(-0.9239035521675029, -1.1616461564141891)
(-0.6123255395213332, -0.7698916275302321)
(-0.18904832627477483, -0.23769500731805082)
(0.1455770951458757, 0.18303758291805972)
(0.3166992006841136, 0.39819352177081785)
(0.37236490471815764, 0.46818335023671553)
(0.3436215080058092, 0.432043586259345)
(0.2640191076765718, 0.33195757385375835)
(0.16839339440749515, 0.21172506472141023)
(0.07191468477672558, 0.09042006274857968)
(-0.018795009037361473, -0.0236314168906481)
(-0.06600272794155436, -0.08298681723463869)
(-0.07290732467105085, -0.09166813276112715)
(-0.06591654407817388, -0.08287845619045178)
(-0.06521754117825482, -0.08199958303306605)
(-0.06464223942626177, -0.08127624230403298)
(-0.07040867056339076, -0.08852651485787046)
(-0.08529525655615376, -0.1072437774553058)
(-0.0956121916411133, -0.12021550806430895)
(-0.09175292627073521, -0.11536316089715648)
(-0.10539266698163982, -0.13251273493455112)
(-0.1545120918799271, -0.19427176920226008)
(0.22309039797248673, 0.28049692278990934)
(0.26529044771849575, 0.333556060264739)
(0.2988367108935667, 0.37573458375667484)
(0.2615339629636147, 0.32883294163736854)
(0.1901877483023343, 0.23912763003688645)
(0.11228069164742985, 0.14117321400677624)
(0.031501293128486506, 0.039607333469964534)
(-0.03123577868694664, -0.039273495776881044)
(-0.043769912332496164, -0.05503296346068384)
(-0.03312176791462571, -0.04164479539168624)
(-0.037395017847053055, -0.0470176553052083)
(-0.04610220632796504, -0.05796541279385092)
(-0.05325432231426638, -0.06695794023486368)
(-0.06974250217502574, -0.08768892532154562)
(-0.07923416695613755, -0.09962302372941868)
(-0.07641975681495611, -0.09608439817114849)
(-0.08512096586406707, -0.10702463757637981)
(-0.10828241831385546, -0.13614608878429632)
(-0.13152791498404084, -0.1653732108118173)
(-0.16007007253495895, -0.20125995195163393)
(-0.22002313808693705, -0.2766403831669009)
(1.599165006199386, 2.0106686228940887)
(1.7028598564484991, 2.1410466520176183)
(1.8113132613164498, 2.277407726308678)
(1.8243240221735393, 2.2937664688486374)
(1.3922226440145204, 1.7504750138670948)
(0.9467978181569555, 1.1904316676595774)
(0.5900309983612656, 0.7418601647364672)
(0.16426428042910998, 0.2065334304094365)
(-0.15834835302050546, -0.19909519259802383)
(-0.39144171016704477, -0.4921690765328986)
(-0.44420504162196167, -0.5585096821517629)
(-0.39945109840215914, -0.5022394729901067)
(-0.2663277801404723, -0.33486032326717674)
(-0.13033599472921892, -0.16387458080923983)
(0.02287264961529912, 0.028758332458281972)
(0.10730797290694423, 0.1349208951383597)
(0.14110573067948234, 0.1774156288362433)
(0.14292362090986813, 0.1797013059439417)
(0.12178413244015013, 0.15312211867726275)
(0.09419616028301475, 0.1184350977816143)
(0.05970517930292486, 0.07506875787256247)
(0.03285964525071211, 0.04131522226218595)
(0.012927275593589197, 0.016253774510304395)
(0.0068769812740596585, 0.00864659395020426)
(0.006462594827677149, 0.008125575904996978)
(0.0024489597019441657, 0.0030791359317784224)
(-0.002213263464143787, -0.002782789383397087)
(-0.005004757957539586, -0.006292602546575293)
(-0.004093168243783276, -0.005146438875348556)
(-0.000762335041963847, -0.0009585021827436383)
(0.0066907799097987285, 0.008412478496696863)
(0.01100838052750656, 0.013841101593474962)
(0.011267188227284161, 0.014166506738840762)
(0.009628633559183142, 0.012106312546699603)
(0.008203688521175272, 0.010314694879877156)
(0.008960359123827274, 0.011266075026841833)
(0.007022202022376262, 0.008829183489683583)
(0.0028201808645152786, 0.003545881227506173)
(-0.0013271427607348097, -0.0016686485114205995)
(-0.0016109221768252006, -0.002025451196286887)
(0.0072731194144023004, 0.009144667961348083)
(0.014695260045063708, 0.01847670388192247)
(0.016432113732915882, 0.020660491795730054)
(0.017166903148376378, 0.021584360199786982)
(0.0217648552478513, 0.027365475957163394)
(0.026425283881190715, 0.033225144963154894)
(2.966961667641395, 3.7304322614174787)
(2.9779990747232272, 3.7443098587958086)
(2.941919307111268, 3.698945899243512)
(2.5447197553055654, 3.199537349939785)
(2.1546329646752205, 2.709071846326771)
(1.743135925787278, 2.191686722653889)
(1.34650758493611, 1.6929963706211648)
(0.9996285331896281, 1.2568569962713576)
(0.5908882918409125, 0.7429380604467006)
(0.2164439899777924, 0.2721402341692367)
(-0.15566227135731442, -0.1957179175214855)
(-0.36766681644684807, -0.4622763308621738)
(-0.4174074887610822, -0.5248164744472178)
(-0.3720918529723961, -0.4678400357097588)
(-0.27747897522071413, -0.3488809890325566)
(-0.14297736915689088, -0.1797688849075917)
(-0.029454511581814165, -0.03703386580536532)
(0.033531497490151344, 0.042159958241165446)
(0.062173116683532606, 0.07817175489614586)
(0.0659404282762302, 0.08290848636709314)
(0.08567128685283912, 0.1077165693910171)
(0.0879062313036781, 0.11052661880042303)
(0.08352295659029697, 0.10501542208366493)
(0.06377667217649131, 0.08018794378363553)
(0.0469511277982222, 0.05903278217532824)
(0.030603907386597223, 0.03847902879417778)
(0.035734377830028564, 0.044929692672703615)
(0.05005601351882542, 0.06293662966566685)
(0.05818518794225662, 0.0731576361783546)
(0.06441267924875714, 0.08098761077183636)
(0.06416172783808749, 0.0806720835277131)
(0.06421512338079455, 0.08073921902774422)
(0.06422973463664602, 0.0807575901111332)
(0.0846894433729107, 0.10648207396994919)
(0.1247725799280547, 0.15687956557724023)
(-1.7326728026728468, -2.178531186319547)
(-1.8035947635450518, -2.26770307342754)
(-1.7820959002907952, -2.240672035601144)
(-1.4606001538770608, -1.8364477015255058)
(-1.064493195537029, -1.338412896263505)
(-0.731356778792188, -0.9195524674174863)
(-0.29056517508968105, -0.3653345828564899)
(0.07731966699567909, 0.09721587688459467)
(0.30763260947579296, 0.38679387858921566)
(0.40338311971593105, 0.5071832979546996)
(0.4036386612143601, 0.5075045964265564)
(0.33143645609528094, 0.4167230274365489)
(0.22041036120821514, 0.2771272481101649)
(0.11135092013916115, 0.14000418992802918)
(0.005693017649683279, 0.007157968010446335)
(-0.05324365327375998, -0.06694452579364003)
(-0.06609702982405825, -0.08310538525951128)
(-0.07076092954446707, -0.08896941854675626)
(-0.07905330175739932, -0.09939561756516002)
(-0.08010536862300668, -0.10071840653794442)
(-0.08423563938525964, -0.1059114953020963)
(-0.09049833080906297, -0.1137857278496407)
(-0.07827439792380371, -0.09841628304221127)
(-0.07795107262902523, -0.09800975837297522)
(-0.08402336591798303, -0.1056445987664221)
(-0.1074912724355219, -0.13515136204407216)
(-0.15316997593593987, -0.19258429454742476)
(0.18830467338155463, 0.23675999465023623)
(0.2483571065365061, 0.3122653631425548)
(0.2936676004513474, 0.36923533687836446)
(0.25036268087574975, 0.31478701999420305)
(0.1723808060234982, 0.21673853324515877)
(0.09652171727421892, 0.12135907651729155)
(0.014268912621630462, 0.017940647012602704)
(-0.0124062019374238, -0.01559861607036425)
(-0.020744441539159632, -0.026082485259841)
(-0.03493622491374295, -0.04392615581514009)
(-0.04032923017637328, -0.05070691103591904)
(-0.04792780442300793, -0.060260781185160206)
(-0.060518851989711485, -0.07609180811083402)
(-0.05819228498559701, -0.07316655946163339)
(-0.044910854053140735, -0.05646749692618465)
(-0.04929298416240988, -0.06197725450466454)
(-0.061429364411812105, -0.07723661727735273)
(-0.07239284827504538, -0.09102126921505299)
(-0.08768110377395949, -0.11024356054289482)
(-0.11060686540002172, -0.13906867200967574)
(-0.13704706370095565, -0.17231256923147195)
(-0.17079241744827972, -0.21474141408811473)
(1.6113483534668922, 2.0259870384282155)
(1.7003225101150272, 2.1378563854482837)
(1.7087080747828438, 2.148399757581532)
(1.319926259518229, 1.6595750308810642)
(1.024634610697822, 1.2882977389292256)
(0.5943318022629973, 0.7472676689182804)
(0.18449453603206478, 0.23196941732529633)
(-0.1182893190254294, -0.14872800571918304)
(-0.32703628720856814, -0.41119058926934876)
(-0.3955352619630184, -0.49731599765764073)
(-0.38588796195354674, -0.4851862153340573)
(-0.30675417358223606, -0.38568940001348917)
(-0.18632079579123317, -0.23426561764282391)
(-0.04977754251053468, -0.06258650136959652)
(0.034262845102537694, 0.043079499183440416)
(0.08658637233619368, 0.10886712837743447)
(0.09318383881192996, 0.11716228164925678)
(0.09121402670251744, 0.1146855895092721)
(0.07584284187874506, 0.09535902914680038)
(0.07550827713263349, 0.09493837284508963)
(0.08250562602567672, 0.10373630789753446)
(0.08432701778648617, 0.10602638756364789)
(0.09309956354747526, 0.11705632033240188)
(0.07684366954462195, 0.09661739384143907)
(0.08991121752818637, 0.11304753620127006)
(0.12212487110977437, 0.15355053760149143)
(0.2128296028200438, 0.2675957782682486)
(-0.24772783909086196, -0.3114741700489963)
(-0.3317667342954174, -0.4171382941609119)
(-0.392846770793781, -0.49393569305120066)
(-0.3282373306503521, -0.41270069007431015)
(-0.23513418959060273, -0.2956398716496853)
(-0.10781158333441987, -0.13555409664087015)
(0.0018105360787033222, 0.00227643055591762)
(0.05410988266399196, 0.06803365683916453)
(0.070087172860469, 0.08812228806383024)
(0.07564177749774471, 0.09510622606488463)
(0.07047180999211566, 0.08860590158013643)
(0.07125185820427114, 0.08958667495777131)
(0.08505561470899999, 0.10694246999739083)
(0.08606011436110544, 0.10820545156862758)
(0.07704419178836176, 0.09686951528113852)
(0.06787175136263059, 0.08533678533276726)
(0.05963999635563278, 0.07498680178525449)
(0.0566677582362674, 0.07124973531418353)
(0.06708728246521005, 0.08435045372122926)
(0.09970261607848387, 0.12535849708586508)
(0.12464205113526303, 0.15671544858679018)
(-1.5382855305778547, -1.9341233940178153)
(-1.6206117764389711, -2.037634162920279)
(-1.6382408208830643, -2.0597995844858654)
(-1.2744381976499806, -1.6023817966868508)
(-0.8947181931794023, -1.1249507026381342)
(-0.5479440489678636, -0.6889432310550822)
(-0.12766550023101816, -0.1605169038501218)
(0.14408338655812597, 0.18115950718635418)
(0.3224166894956551, 0.4053822579616104)
(0.38093462797847905, 0.4789582693974126)
(0.36188420331979276, 0.4550057123032183)
(0.25944210806626933, 0.3262028021649348)
(0.1575387830809789, 0.19807730084255518)
(0.045737122307336495, 0.05750638387428846)
(-0.014478215068636207, -0.018203808013036036)
(-0.04307174769813427, -0.05415514427474377)
(-0.05217303662044022, -0.06559841372663452)
(-0.05806687839614434, -0.07300888274063265)
(-0.07056335837390543, -0.08872100756233829)
(-0.08240766202187386, -0.10361313539947709)
(-0.07880397536526568, -0.09908213349592446)
(-0.06989565210552906, -0.0878814844124885)
(-0.07890357268577798, -0.09920735960236256)
(-0.0868262995054473, -0.10916879457768769)
(-0.12006344584071768, -0.15095865803255062)
(-0.16773779392269608, -0.21090076246440145)
(-0.14525407314040162, -0.1826314395817603)
(-0.09272743043621348, -0.11658842842165261)
(-0.04844196662993902, -0.060907249693754766)
(-0.02065050964976952, -0.025964382436208862)
(-0.009410227842479808, -0.01183170578633798)
(-0.007868990218253954, -0.009893870653977425)
(-0.010522406951798272, -0.013230075328865422)
(0.0047918160905007145, 0.00602486561580471)
(0.005552032510376611, 0.006980704004043405)
(0.0023155137275483327, 0.0029113510987380134)
(-0.003363656997342838, -0.0042292068401427645)
(-0.00602736653833781, -0.007578352909384873)
(-0.01185493171450364, -0.014905490760803042)
(0.00016651788841342335, 0.00020936694592834566)
(0.00454784226083632, 0.005718111452093138)
(0.0033543244938187234, 0.004217472859011209)
(-0.0057702799553128094, -0.007255111765505706)
(-0.007207196420082681, -0.00906178139511393)
(-0.014907979118557325, -0.018744160689010327)
(-0.005759805976546344, -0.007241942580098977)
(0.00012461206896236524, 0.0001566777512797218)
(0.0028336200425733028, 0.0035627786292964842)
(-0.00665995065819296, -0.008373716137196298)
(-0.00737656962291203, -0.009274738396528948)
(-0.015166570189368744, -0.019069293461566928)
(-0.014693578722095828, -0.018474589914118423)
(-0.005175421902127068, -0.0065071824286457)
(-0.0013218736895678233, -0.001662023581518941)
(-0.010755954453903021, -0.013523720220178632)
(-0.014086785609949038, -0.01771165434058344)
(-0.023716403668866806, -0.029819204722477025)
(-0.03151642604801261, -0.03962636045363786)
(-0.03917798058907332, -0.049259417241763824)
(2.243605541393693, 2.820939206863277)
(2.2635792655512903, 2.8460526506231982)
(2.212832811109616, 2.782247912979835)
(1.8561053101245155, 2.333725846542913)
(1.4482166772273484, 1.820877658505934)
(1.0340633819780678, 1.3001527598258447)
(0.6753190609922908, 0.849094897096692)
(0.2348769894190359, 0.2953164876882007)
(-0.10062690061304339, -0.12652062226060357)
(-0.35140439982049176, -0.4418292033198089)
(-0.40431875336474354, -0.5083596926437395)
(-0.3882231308196986, -0.488122279311276)
(-0.2733893683034155, -0.3437390278986485)
(-0.1551025909212242, -0.1950142178486364)
(-0.02946113824136662, -0.037042197663794615)
(0.04834473405638746, 0.06078499684054357)
(0.07483578384096001, 0.09409283085571844)
(0.08369807945878922, 0.10523560827799983)
(0.10180404695267374, 0.12800067666429168)
(0.09075865773735173, 0.11411304315755166)
(0.0739591770087677, 0.09299065200283531)
(0.05541051041006978, 0.06966896738495948)
(0.028886691124477906, 0.03631993148803257)
(0.017702789689231054, 0.022258143235903145)
(0.03496916068824432, 0.043967566756540066)
(0.03619472959634754, 0.04550850402015255)
(0.03470613782655902, 0.04363686178673127)
(0.0334318534952658, 0.04203467344991533)
(0.029809233582012172, 0.03747986630742949)
(0.024201014432290103, 0.030428517490424425)
(0.04273201771919908, 0.053727993601577845)
(0.05304347924694968, 0.06669284217546083)
(0.05313336117923026, 0.06680585289061595)
(0.052408733038313546, 0.06589476050142591)
(0.05339666158162902, 0.06713690681903876)
(0.04524205310809673, 0.05688392146345918)
(0.06075762351537722, 0.07639202129261045)
(0.07892313452565419, 0.0992319551741095)
(0.09399133489382153, 0.1181775658936438)
(0.09925519043001865, 0.12479593805727235)
(0.118828731691952, 0.1494062222379063)
(0.158966393635092, 0.19987226992688353)
(0.25954656207611, 0.32633413470367095)
(-0.24897514181705105, -0.31304243376479574)
(-0.3427088792666809, -0.4308961161965291)
(-0.4183489390879375, -0.5260001825854544)
(-0.34372538054163093, -0.43217418769681243)
(-0.22523310736748606, -0.2831910028453157)
(-0.09864536833442575, -0.12402919407000224)
(0.02732287364999965, 0.034353706166894656)
(0.08431025927319549, 0.10600531668183813)
(0.10678717664134717, 0.1342660854682525)
(0.1051239782813229, 0.13217490616956493)
(0.07900171182736743, 0.09933075230537113)
(0.06219684609383565, 0.0782015904544223)
(0.06163187247006666, 0.07749123552940125)
(0.052710444850715785, 0.06627411001945686)
(0.04376740776239993, 0.05502981440446586)
(0.039825568617745936, 0.05007364524498185)
(0.02461250791734333, 0.030945898145775454)
(0.027545589036111612, 0.034633731578253134)
(0.04853600621424867, 0.06102548792479934)
(0.05679092530793347, 0.07140459623560982)
(0.055026477721038636, 0.06918611384889088)
(0.05543331981740341, 0.06969764620137602)
(0.04538101241488478, 0.05705863834191432)
(0.038761625791231484, 0.04873592434092704)
(0.05608667146226094, 0.07051912093784078)
(0.073408384512417, 0.09229812735037944)
(0.07588298639089473, 0.09540950380741876)
(0.0823426389759979, 0.10353138036006529)
(0.07480171887771107, 0.09405000015814868)
(0.07678753188450843, 0.0965468106112437)
(0.09536666145202151, 0.11990679705245821)
(0.13493238138527738, 0.16965372829695916)
(0.2018627892277941, 0.2538069397821746)
(-2.310053162212546, -2.9044853986124064)
(-2.393516831502765, -3.009426277347798)
(-2.3885847530053756, -3.0032250564344416)
(-2.0525737170632934, -2.5807502997359157)
(-1.6252277411287017, -2.043437926340594)
(-1.2419851265969017, -1.5615777699416316)
(-0.8748174504424456, -1.099929020173619)
(-0.4700291533264456, -0.5909789588786974)
(-0.12861369707217474, -0.16170909454304588)
(0.1847229923887532, 0.2322566609970334)
(0.3462521870379129, 0.4353512022753603)
(0.38337650600744644, 0.48202850137144004)
(0.32572431197355983, 0.4095410112528097)
(0.22046870263648977, 0.2772006021910708)
(0.07891743070411929, 0.09922478362211433)
(-0.0018503365102153072, -0.0023264725956749703)
(-0.05614410123863157, -0.07059132877688214)
(-0.07077262287662539, -0.08898412085450853)
(-0.08176774845556765, -0.10280855668236644)
(-0.07762186724461753, -0.0975958405256297)
(-0.08292962513341186, -0.10426941217304897)
(-0.0637466964327, -0.08015025456003731)
(-0.04259856315506379, -0.05356019796845142)
(-0.02600491954259395, -0.03269661077029577)
(-0.030699164035342653, -0.03859879726960839)
(-0.029512101691336827, -0.037106275235134836)
(-0.04171654464467102, -0.052451214882413714)
(-0.04692177374809247, -0.058995874622122725)
(-0.03926399998688503, -0.04936757149943565)
(-0.031215108648360645, -0.03924750684024363)
(-0.04378009833647257, -0.0550457705684611)
(-0.045696878023662804, -0.05745578376853336)
(-0.056949451363056305, -0.0716039148573349)
(-0.06923563838396214, -0.08705163328675126)
(-0.06404467217930636, -0.08052490663268913)
(-0.052644741522791645, -0.06619149964506481)
(-0.05633949872512815, -0.07083700673604708)
(-0.058713336763816217, -0.07382169039390561)
(-0.06759087338062289, -0.08498363069075386)
(-0.08439393453700401, -0.10611052360345033)
(-0.0930283871551622, -0.11696682854252412)
(-0.10103962129675745, -0.1270395459023455)
(-0.12419152465298668, -0.1561489908052703)
(-0.2218939174015093, -0.278992558992152)
(0.27294519701673436, 0.3431805606573957)
(0.33431023587696834, 0.4203362998716924)
(0.39954886418245383, 0.5023623962569799)
(0.34073032797893316, 0.42840843607744256)
(0.22881214484596146, 0.28769101274437875)
(0.1021813987690386, 0.1284751301784792)
(-0.0037290077498592688, -0.0046885711281229)
(-0.05626688945094085, -0.07074571334932742)
(-0.06891028253218208, -0.08664255554936136)
(-0.07327962994059681, -0.0921362411306276)
(-0.07260762676092111, -0.09129131537085862)
(-0.0722882547237768, -0.09088976122752354)
(-0.06918671037705078, -0.08699011492692221)
(-0.060358546762891464, -0.07589025249374422)
(-0.039672591386530176, -0.0498813032930067)
(-0.030593523820121496, -0.03846597328631865)
(-0.030706466173751664, -0.03860797842384958)
(-0.03587451572816681, -0.04510589142240898)
(-0.04419766969005436, -0.05557079307408842)
(-0.04971387486136042, -0.06250645050305564)
(-0.045283232914880914, -0.05693569782492082)
(-0.042057542283071396, -0.05287995941431296)
(-0.04470643525508643, -0.0562104762550318)
(-0.05198327198185989, -0.06535981808262709)
(-0.06317431521135752, -0.07943058588443122)
(-0.07509494795325669, -0.09441868412711635)
(-0.07697807208710886, -0.09678638139054627)
(-0.07031155589996475, -0.08840441025589592)
(-0.0720349745946852, -0.09057130602972169)
(-0.07849427951039896, -0.0986927454492833)
(-0.1011845379122213, -0.12722175304827452)
(-0.12672195438702746, -0.15933056096779283)
(-0.1990081063068228, -0.25021767828929714)
(2.307296793408912, 2.901019749823753)
(2.385256276927841, 2.99904008341089)
(2.3788950497114865, 2.991041959441543)
(1.951206108505044, 2.453298367561463)
(1.5996344917243588, 2.0112589183359635)
(1.1833994738071107, 1.4879166196791218)
(0.7621013422394836, 0.9582083464596183)
(0.40346570854397606, 0.5072871388744972)
(-0.027438727427269577, -0.034499371907388825)
(-0.28012025881757896, -0.3522019384228903)
(-0.420366409232399, -0.5285367963191021)
(-0.3998731550759085, -0.5027701349966546)
(-0.31969445060710155, -0.4019595215360271)
(-0.17313314770111876, -0.2176844705305689)
(-0.061833244013171994, -0.07774442481361897)
(0.035096763314130475, 0.04412800460696423)
(0.07795647412724163, 0.09801654980659102)
(0.07709642234782557, 0.09693518601971957)
(0.07863394430457044, 0.09886834935399288)
(0.08817313152883348, 0.11086219887257501)
(0.0806805446138767, 0.10144158914449289)
(0.0632151192979395, 0.07948188984384641)
(0.05225756597320932, 0.06570469451483806)
(0.033426353588874434, 0.04202775828533437)
(0.022024746596906893, 0.02769224360082865)
(0.03459857728112322, 0.043501623326077904)
(0.04657721105117127, 0.05856264765640406)
(0.04031926636277366, 0.05069438329344628)
(0.04442960712440159, 0.055862413588487286)
(0.0394953243390129, 0.049658421170815224)
(0.033302080782332474, 0.041871507096855234)
(0.04565076211414305, 0.0573978011263869)
(0.0662653807123109, 0.08331705688022191)
(0.06199261847927533, 0.07794481016287448)
(0.06782143546798339, 0.08527352194830863)
(0.0590539439035516, 0.0742499439424417)
(0.055125088857495695, 0.06931010000239816)
(0.05415900893436585, 0.06809542448041335)
(0.07778483292507611, 0.09780074119506431)
(0.08640677441561372, 0.1086413155924828)
(0.09831040522807429, 0.12360803690038114)
(0.11748798644990673, 0.1477204709995886)
(0.1589415971012371, 0.19984109264850053)
(0.27068420184870895, 0.34033775705474045)
(-1.419870434908399, -1.7852372462991166)
(-1.5370524634849896, -1.9325730291061676)
(-1.5771754279622503, -1.9830205973178143)
(-1.2118266197737075, -1.5236587539878936)
(-0.8783035921538835, -1.104312229990603)
(-0.44336366570903313, -0.5574517999809888)
(-0.04967319114066856, -0.06245529788256896)
(0.20803701137734715, 0.26156993778348037)
(0.3503721275646958, 0.44053130258600914)
(0.36012661109684835, 0.4527958493304686)
(0.3169762193107753, 0.3985418239525356)
(0.213455333912012, 0.26838252501927956)
(0.10172390557234266, 0.12789991297936712)
(-0.012999650937141677, -0.01634477377041077)
(-0.06423476703828261, -0.0807639174707423)
(-0.0699371467290429, -0.08793365660059582)
(-0.06504355233032953, -0.08178082267006367)
(-0.06846119160349685, -0.0860779027238973)
(-0.06573273843628956, -0.08264735293630665)
(-0.07064894362729135, -0.08882861595978221)
(-0.07512305353037538, -0.09445402194517878)
(-0.06103198371670798, -0.07673698097222333)
(-0.04066085834272747, -0.05112387510527483)
(-0.03718602096279827, -0.046754878496170674)
(-0.036863715741654986, -0.04634963639004936)
(-0.045397558207474646, -0.0570794417648709)
(-0.06367621494878013, -0.08006163649519515)
(-0.06786713527367513, -0.08533098141310466)
(-0.05668666157256813, -0.07127350293354773)
(-0.0557449231798174, -0.07008943260313275)
(-0.05940148493444087, -0.07468691563908862)
(-0.07017637930736323, -0.0882344494749634)
(-0.08505831515508071, -0.10694586533319501)
(-0.1159370736013874, -0.14577047097503057)
(-0.16392280286045344, -0.2061040824496836)
(0.2356023512263697, 0.2962285025338219)
(0.2974076369619306, 0.373937774732592)
(0.3427261590660232, 0.4309178425038287)
(0.2905091070561359, 0.3652640871694535)
(0.1866679543461573, 0.23470210844324116)
(0.0886482303895991, 0.1114595520965456)
(-0.010306844534192146, -0.012959043516841271)
(-0.05761258048683185, -0.07243768305319581)
(-0.06869376869345903, -0.08637032749268482)
(-0.06697039496134011, -0.08420348825141934)
(-0.06411800760555496, -0.08061711302785972)
(-0.06705443825099668, -0.08430915790078146)
(-0.06686663089813501, -0.08407302319918164)
(-0.06151837937090838, -0.07734853792627217)
(-0.05929477242499044, -0.0745527434344753)
(-0.0603210718046178, -0.07584313432741802)
(-0.0646820931387517, -0.08132635133524534)
(-0.06490416021957968, -0.08160556161677825)
(-0.06615140635748008, -0.08317375418276134)
(-0.057957975881205416, -0.07287195698944807)
(-0.04845447105951967, -0.06092297181380338)
(-0.040176810794701825, -0.05051527048159247)
(-0.03960871991697283, -0.04980099615819619)
(-0.04783351879932937, -0.06014223360289975)
