4, 0.033622545707768896, 0.026575373004484815, 0.0032070532997558452, 0.623064791918007
4, 0.08504357336151423, 0.06647806309359544, 0.010678379699866125, 4.741283109440386
54, 0.6091577938371545, 0.5167264465565653, 18.323302078351922, 32.65238776810233
22, 0.22989302131369624, 0.1903377208502306, 0.510878525721768, 2.3914786606873646
104, 0.7673628379537216, 0.6704311094317401, 57.85043117169017, -1.7285334773950027
6, 0.13655357614587063, 0.10386586817415717, 0.019571452608258797, 4.809446736908578
4, 0.03303433204614639, 0.025837865611044588, 0.003166407419458861, 0.5955587499082979
4, 0.09023670262660641, 0.07248003844262507, 0.0107206787791249, 2.316911518924476
55, 0.6159612529693939, 0.5236336876199195, 18.962647155121708, 13.266435316072089
21, 0.19184106034602244, 0.16888051915886812, 0.4227104420031779, 2.314609372316618
4, 0.10268013608389728, 0.07527497972604674, 0.005203227254420002, 5.184798035825173
4, 0.033724680790959825, 0.0269154080025071, 0.0031491089486749024, 0.555621327663322
4, 0.08915730983358135, 0.07114581539077382, 0.01074464148615192, 2.1592460436852967
55, 0.6182669061601962, 0.5253571259225648, 19.119654484875152, 13.799514526309624
20, 0.1800963945670725, 0.15429073476256946, 0.3549478247743732, 2.162430258245755
102, 0.7743232410714926, 0.6778768752337576, 57.7761984017905, -1.6899146668430778
5, 0.12026049817406334, 0.08772334253799122, 0.010762099392832312, 3.9440780646454776
4, 0.033829931637125506, 0.026149207932460866, 0.0031636359838484573, 0.6042414899668102
4, 0.08335609599793961, 0.06549302995004228, 0.010714368596009306, 5.041778461076193
55, 0.6166953830316297, 0.5241208735113638, 19.067329139796165, 13.06265097364875
20, 0.18565298145839437, 0.160380534707648, 0.3644035893298219, 2.1950190173013424
104, 0.7782606004711985, 0.6793114522705287, 59.529232687498265, -1.772937276943007
5, 0.10954708789148031, 0.08081837860450046, 0.011667028559448553, 6.203430095045558
4, 0.10943969419161897, 0.08976530001968697, 0.014916782205491395, -6.989980182076211
7, 0.12157467759271717, 0.09854846070270983, 0.0632424826282012, 0.0027964232133421696
4, 0.1303761554821235, 0.10071683332560868, 0.04419972076656032, 19.100165903724275
9, 0.19175860306768583, 0.15928329918140965, 0.27881827739258475, 19.634087129993343
11, 0.26165672006996604, 0.2243862956032028, 0.5969188826635995, 13.687462565916581
6, 0.12041961029177141, 0.09718404194986807, 0.06923703038060912, 4.653103061475812
6, 0.15403853447726884, 0.12038786896081416, 0.10797276239445036, -4.481905564604118
4, 0.10665641598226362, 0.0825494305869136, 0.025867123704933357, -6.726345672315539
4, 0.10583185290826634, 0.0855463301064287, 0.025201104188967365, -13.161777584446007
7, 0.14198262444584142, 0.11259596235076368, 0.10394468723715433, -5.526645417259518
53, 0.8547785253465954, 0.7211839550682363, 34.558772647921835, 9.079616670674946
7, 0.15078579693155594, 0.11980134580484832, 0.13061358867137363, 18.063785798422906
5, 0.13160421035854372, 0.10313762604266578, 0.06449623889661282, 14.937479704744346
4, 0.08276772508930949, 0.06393421686952225, 0.019805335279554658, 8.565584248035302
9, 0.203186316659204, 0.1709681003203994, 0.3097376489161627, 6.532345593372607
5, 0.13380931707369942, 0.09859800677113925, 0.06584166803841833, -0.5520995659955612
4, 0.09881035851233856, 0.0789201213900165, 0.023599133056949197, -4.092988145461227
6, 0.1383991189787658, 0.10650917166192136, 0.08571779286922754, -5.691453933354858
52, 0.8290104892929336, 0.7006320146549653, 32.17737356578231, 2.362821402736908
4, 0.09324268852368954, 0.07728738673952874, 0.012519503057205287, -0.1359350881498369
12, 0.29440940317941483, 0.24607042925825115, 0.927084150963857, 22.440787322151124
4, 0.09668398726360622, 0.07676239371021931, 0.022285763852891015, 14.178928223797719
5, 0.11452802936018, 0.0865029587341195, 0.04092196037521316, 11.275321500405012
5, 0.102123387428201, 0.07956099024410387, 0.039249186750516564, 6.766124701812735
4, 0.10483988923820933, 0.08157655638410052, 0.010013521930328758, 2.998303586638922
11, 0.26813240837047303, 0.22147153259074182, 0.6314094742077456, -2.000592393438323
4, 0.09680212424565482, 0.07502638882790097, 0.02639962474038525, -6.782000709572362
7, 0.14657378697933765, 0.114926340734028, 0.10620190171328485, -5.857926285064842
46, 0.695462331054912, 0.5908868344335046, 20.81647030603772, -0.032248675503374624
4, 0.10040888624526426, 0.08344573453539299, 0.017771044276694833, 12.811384049372656
4, 0.08859641779660289, 0.072145850397904, 0.01935507792692004, 15.67070232467681
8, 0.13328659157948766, 0.10925845637267594, 0.09702733881693802, 0.3098211967914968
5, 0.14130697280131407, 0.11585272570850318, 0.03520301735386318, -0.14970145718481986
9, 0.19706850858252056, 0.16835519304202715, 0.2805592678700328, 19.16234023145902
5, 0.10841386002113795, 0.08378400911735959, 0.04476065760615146, 14.019866389906047
6, 0.1407558124166264, 0.11968013725673042, 0.0718398863692606, 11.511196989840363
5, 0.09958219606938039, 0.07572968901201754, 0.03899508346467831, 6.9193925780279315
7, 0.15988955839879004, 0.12653909468138302, 0.1292285384495053, -4.249946073397588
6, 0.14491467281520662, 0.11329593325595279, 0.0871561850583748, -5.961626115795035
50, 0.7803042108434444, 0.660413962854667, 27.8802807764611, 0.4069270631781001
4, 0.11587547112322721, 0.08557086765616909, 0.01995179126787807, 15.684607680909869
6, 0.11232197441762624, 0.09439503656419555, 0.0385237742166795, -0.3462445363397366
5, 0.15156711631949757, 0.125264591876554, 0.07360736132242474, 21.310835565509297
9, 0.193892927279004, 0.16584883401808476, 0.27829513157339414, 19.346651187064055
5, 0.13399063396738248, 0.10524606482493151, 0.06474485075806917, 14.5490553164758
5, 0.11974563912601333, 0.09322450904686866, 0.04085305316351305, 11.791428379329112
6, 0.11874264617656495, 0.09531069554861271, 0.06893575969785744, 5.087863454791901
8, 0.20917741435506934, 0.17211801567913454, 0.2658108617044593, 0.2923781424879093
4, 0.10623589580959562, 0.08448424998939506, 0.025337653897813048, -11.693591901908654
7, 0.1397885800309318, 0.11199514159138002, 0.10309461901838074, -6.091840619573284
54, 0.8742767511210514, 0.7385051005875362, 36.75028587455388, 5.141643281956888
8, 0.17140985889074872, 0.14057717783340926, 0.19928549666961742, 19.99714315815248
12, 0.25519697718899387, 0.21426733342036908, 0.6037307171642631, 12.493369573985227
6, 0.11981196333081726, 0.09721296806061556, 0.06850271818810041, 6.350436544765094
4, 0.03593803718251799, 0.028216985572099916, 0.0033535909045777114, 1.3739548134032191
9, 0.21017547643545242, 0.17422801001414612, 0.28187673914613687, -4.266549679268988
5, 0.13557708771773397, 0.11114638197649385, 0.050276407905920764, -12.514834390311252
6, 0.13759744874052712, 0.10804618537793875, 0.08682298083344805, -6.533093801298699
53, 0.848004011680593, 0.7171806892920757, 34.26286074612955, 3.4492484851180216
5, 0.12022313452459912, 0.10155868238736084, 0.045452718616993404, 17.0340653320079
224, 0.0, 0.0, 0.0, 0.0
21, 0.18909071739993907, 0.16413121832740804, 0.4591011387806682, -0.3134330916041119
6, 0.14483963256454296, 0.11557115445943995, 0.04291575334695076, -2.728580689083666
23, 0.3599718228559512, 0.2990953372958977, 1.5578327333378736, -1.1003452869738652
20, 0.2041511706184332, 0.16743775650531925, 0.7669019803004588, 0.07772184671218874
9, 0.10074637232235067, 0.0886398614202133, 0.05193470105196331, 2.4524191134821116
5, 0.12477109787795591, 0.0974333734446525, 0.04616334447886218, 17.78585819454746
217, 0.0, 0.0, 0.0, 0.0
23, 0.199598092815536, 0.1679460436565829, 0.6124181754225682, -0.3105349684415937
5, 0.12500937041206814, 0.10447764764950067, 0.02618488002226795, 9.210972953264621
25, 0.3734510422895589, 0.31312195597514797, 1.8220946416764152, -1.3253393112002052
19, 0.18498790852504776, 0.15359887556622773, 0.6040732562286318, 0.15595896227262873
11, 0.1107890009954815, 0.10093488507343773, 0.09447066506419882, 2.2412000508991152
216, 0.0, 0.0, 0.0, 0.0
23, 0.19765465459715822, 0.17072691827851913, 0.6107561189500523, -0.2921895376553425
5, 0.10052785799764598, 0.08854137706144383, 0.02583642213617682, 9.900406158160981
24, 0.34929655650589353, 0.2932036234377516, 1.5747668637741365, -1.4721912035297602
19, 0.1871815909169844, 0.15414061735271822, 0.6130758716949335, 0.502415905779358
11, 0.10594339032328251, 0.09206238986968321, 0.09447901026811312, 2.3502896708507515
6, 0.0902880528525485, 0.07709437738826329, 0.028768256716176874, 5.893768182943573
5, 0.11419818316888321, 0.09861020461862104, 0.04515767521965307, 18.17276368418793
220, 0.0, 0.0, 0.0, 0.0
23, 0.19471258451467532, 0.16474821013611923, 0.6160285779075964, -0.23582520092183668
5, 0.13168139103088103, 0.10783827044704689, 0.02640777434020239, 9.210733575378944
4, 0.09195052380283628, 0.07645044509985337, 0.012748567659011514, -2.3956221940262497
24, 0.38250394460355375, 0.3193855344292163, 1.8056025535242215, -0.9726516980412152
19, 0.18590363902437937, 0.15396784166225866, 0.6057410000904415, 0.11246507192900634
11, 0.11660249124992757, 0.10480298794579346, 0.09142533290226702, 2.3076335752116073
6, 0.10659427315548783, 0.08637888257840785, 0.046360586170832434, -0.30638418659984046
10, 0.22473271136493045, 0.18374491110791022, 0.3597002758116557, -4.36503220178694
23, 0.38800058215659683, 0.32801072108227186, 3.1859900754250807, 7.0184992540412185
5, 0.012511229455681264, 0.009509069773673542, 0.0005924492927986495, 0.5187186557971711
49, 0.516567046191075, 0.4261352768419897, 7.418437238250963, 2.802625284511522
8, 0.15505572120624095, 0.1380343060321665, 0.0720783499096451, 2.2821034193972407
10, 0.08967588504513513, 0.07406779614806674, 0.06858338986459346, 1.2729459113659285
51, 0.7659411391030515, 0.651610989680562, 27.015851038570357, -13.020459131421688
35, 0.6541113376345787, 0.5537320787559393, 13.316369338085115, -1.4441759793098754
5, 0.012904715629101487, 0.009842989526300116, 0.0005959106454837787, 0.525132909948144
39, 0.3272869653158917, 0.2787447401677397, 3.080659200745965, 2.418578456933865