7, 0.03036639919276389, 0.02482092549489792, 0.005425173196850169, 1.2201440769219327
8, 0.04139941142736674, 0.03290370978663272, 0.008060984340970901, 0.8399491923891961
7, 0.030935228217422454, 0.025070007607916785, 0.005497875460467077, 1.3225410664885004
7, 0.029641844956155017, 0.02419839750430348, 0.005121839593046304, 0.8796671438601663
7, 0.03152283200215276, 0.025318412276116274, 0.005585296355945894, 1.2201042347847606
8, 0.03894624128207155, 0.03376152041350612, 0.008134247786615135, 0.8817114113652916
7, 0.03829236273510344, 0.02851124601463168, 0.005661398815268464, 1.368123884692698
8, 0.03634515562451775, 0.030941355890522278, 0.007937537508070362, 0.8929187725699042
7, 0.034064079179339915, 0.02783231579506393, 0.0056640645669853475, 1.296120450256357
8, 0.03675107443074781, 0.030155727811891887, 0.0077624745045782005, 0.8572953133241047
7, 0.03863354467857034, 0.029195865839682485, 0.0059790016926893185, 1.4518430054017726
8, 0.0359317210138624, 0.030606807913153577, 0.008515213318718164, 0.9507096904100304
8, 0.04969155239177237, 0.03736187188254478, 0.009252648945110529, 1.3137374277708767
8, 0.03894451366361712, 0.03115914318854169, 0.008271137000114368, 0.9026869922442331
7, 0.03489726918825545, 0.028677261157568416, 0.005843438117915977, 1.3407576495792655
8, 0.039411368457898666, 0.03135958284037846, 0.00844600491758542, 0.8569066105892374
7, 0.033956677711091024, 0.02983180778028435, 0.0062034658390213064, 1.3009149186120519
7, 0.03275315237431763, 0.02614879706065947, 0.0061215863404758125, 0.9322753031113221
8, 0.04139395402871831, 0.03465032346641956, 0.009426054128672277, 1.1788054659357874
6, 0.02860590473290721, 0.02310857020355663, 0.003973160825167759, 0.8390678909740514
14, 0.1104561720086506, 0.1023607402047163, 0.1409423836351333, 1.3945675903222294
8, 0.043831342065523526, 0.03701992217108628, 0.010809823761534186, 1.456036238449971
6, 0.03101768658671918, 0.02503919534732743, 0.004687538605260891, 1.1499360793217972
7, 0.035215923356481785, 0.02844071701643525, 0.007145928636552832, 1.4732961154018125
6, 0.03237172731936009, 0.02595664641226555, 0.005133415635213977, 1.0802286443705562
5, 0.027935356782018698, 0.022059334517734806, 0.002935087193229153, 1.6005466068108452
6, 0.030275628483119287, 0.02458363687196058, 0.004408393622749136, 1.3447685924280288
6, 0.031849873000251605, 0.025882827652183592, 0.004867948698875977, 1.5831952618072598
7, 0.03591369282724748, 0.030366333189619975, 0.00635657923103374, 1.159735372665032
6, 0.03466898950866548, 0.027412661935721384, 0.005164467302753713, 1.4997386207302585
6, 0.03150456461173218, 0.025688969297088887, 0.004601454147935297, 0.9243851930901441
6, 0.034990045624229665, 0.02864914820339681, 0.004932606007350818, 1.413215206298646
6, 0.042140736383598124, 0.03473958789970033, 0.006208173125443358, 1.1329265259967634
12, 0.10795239581302268, 0.0934186515511592, 0.11363813535333962, 1.3583297334685565
7, 0.03857857202406424, 0.033061659471108944, 0.007714197337696826, 1.5800127124001526
5, 0.02973598823222262, 0.022936344034253715, 0.0031484590999096207, 1.3691603430540382
6, 0.04195779357270012, 0.03355237385154805, 0.005222907397352039, 1.7687373561512185
6, 0.04050102766497737, 0.032512364183808394, 0.00588577810760715, 1.4275738823414819
11, 0.10964559550084652, 0.09594953287201512, 0.11840526059291417, 1.4608150475194877
11, 0.11446086769418085, 0.10375469874896272, 0.12598188286992645, 1.3629043119421276
5, 0.035283106701999925, 0.02727984488615563, 0.004268427776709964, 1.615651494623526
4, 0.02930296588037823, 0.023485890205781533, 0.0023533467325493086, 1.0917756381401438
5, 0.03947305467402835, 0.03025411556854239, 0.0048028174225184855, 1.8370983224804394
4, 0.03150860442482589, 0.025360595407299978, 0.0026688021206424622, 1.2755370302904538
5, 0.03556821387842089, 0.027090033063770412, 0.004987505904757895, 2.422650379191011
5, 0.046000499688281266, 0.036840949953955246, 0.005378413032983051, 1.72932637898253
4, 0.043750988299628105, 0.035266501664818505, 0.004248084713957748, 3.7146304219241433
5, 0.03611069407839175, 0.027588191472671553, 0.005008641214711125, 2.262725761763612
9, 0.11492194046279279, 0.10193904392975103, 0.05828374536666493, 2.8819324021144554
4, 0.05811694580700527, 0.042241362451849576, 0.004167893985216836, 4.286586876683009
4, 0.03743071657974191, 0.028915520803502497, 0.0037504496827621414, 3.1830398365606447
4, 0.043066897786664456, 0.03493328739210155, 0.004297742555224651, 4.182161223163471
4, 0.039845746433723565, 0.031454189417671446, 0.003965441303204578, 3.4417669582199917
4, 0.05498781618673654, 0.04527725061565789, 0.006492340524625502, 5.693823187579234
4, 0.04977308863395417, 0.03804470309029043, 0.004388584410010811, 3.617987632665473
4, 0.08334052968817277, 0.06784674843658633, 0.007050734203677449, 3.6175612754922524
4, 0.05059877605696546, 0.041026798010591836, 0.005441278813242991, 2.9446062276938108
4, 0.05324706029252428, 0.04297856982129572, 0.005596702928210205, 2.1015044026888297
4, 0.04231108307543789, 0.03360510054978219, 0.004641214761318789, 3.420465518730568
4, 0.05595225335612648, 0.04353185212184209, 0.004102789460659643, 3.394416715075102
4, 0.05259208879069336, 0.04260158207067629, 0.004216631226521501, 3.705186501101741
4, 0.047887963489739595, 0.037225140398008144, 0.004099776535848351, 2.923706691582164
4, 0.03526996561595179, 0.02798324876710724, 0.0032550421566193595, 3.0558480101377192
4, 0.048847795672991384, 0.04009236826799701, 0.003991257634346161, 3.019133375997992
4, 0.03293572226615087, 0.02564539065729694, 0.0032170723574039602, 3.1602238558043014
5, 0.04724146042797552, 0.03864442353260372, 0.006613331267414081, 1.744868521509463
4, 0.033651663577075365, 0.027266254522399662, 0.003119931574483909, 2.4179233365833674
4, 0.037528563459223944, 0.030705441617975802, 0.0033556311722352386, 1.7169174196329178
4, 0.03255911497389399, 0.026199472395971018, 0.002879006611729417, 2.201847679437093
5, 0.04215147380215569, 0.030857641990315775, 0.004627648287797823, 1.7912229172798981
7, 0.035861089935716815, 0.029521719189885685, 0.007184702503284544, 1.4150411148391973
6, 0.03672608869186001, 0.031610313164231095, 0.005947070268873946, 1.355265346710245
7, 0.0354877497034478, 0.02864105783950897, 0.007247196636614915, 1.3814847562035684
7, 0.035228130511299256, 0.02836389265816334, 0.007264251846846095, 0.8433674861032113
7, 0.03552710602496384, 0.03077954276825805, 0.0066518516503495315, 1.2747212420101683
6, 0.03068997899071665, 0.025433901905846257, 0.004457634559860256, 0.8894110919896109
6, 0.03754986219698457, 0.031051550657265864, 0.00525377540055617, 1.2444307132554193
6, 0.03848165272840293, 0.030442978499776757, 0.005406006454851221, 1.2897540930732108
10, 0.10679796375410804, 0.0973269447588788, 0.0997963448277596, 1.637033314627226
5, 0.034053107292043326, 0.02613772166388867, 0.00440768908787478, 2.13295942043756
4, 0.029358459762078192, 0.022757876255665922, 0.0022494987274659173, 1.3505053682388595
5, 0.036689721366326665, 0.028034143688021363, 0.004100054803960917, 2.1476765895070793
5, 0.03468779130292542, 0.027216397396200753, 0.00449286647941333, 1.7736321205230738
5, 0.03764526568157888, 0.03367943885459842, 0.004074093958522157, 2.070517138325376
7, 0.039634995857682105, 0.03234018816578499, 0.008196963741206948, 1.3554155927373328
6, 0.04107131955411429, 0.03115180401097195, 0.0047888262941060845, 1.6551053523194008
6, 0.030113133354673343, 0.02451160857591535, 0.003926132941963804, 1.0435689848539633
19, 0.12555647562378836, 0.11480315661806226, 0.27921010224987125, 0.7320458453859942
9, 0.03455990529045805, 0.028788699124897763, 0.007402194526176623, 0.8937321730152599
8, 0.05127328639518158, 0.03693401088444782, 0.008104155641675513, 0.8789738976991022
7, 0.03256229830716339, 0.027119312415243072, 0.004815460841974388, 1.1759181918186856
7, 0.031861853104761466, 0.02598431638540492, 0.0057868955236422635, 0.8785947820205495
7, 0.03270497147756204, 0.026733987362098345, 0.005991149582015443, 1.3257836888235266
6, 0.03531826530570719, 0.029343777246614664, 0.00550816069956464, 1.0651766004400414
5, 0.03187924214525348, 0.026216473173990017, 0.0036980531325738657, 1.829495512944534
5, 0.029740181332171753, 0.023224910776488746, 0.003320868268199971, 1.0334691017956792
12, 0.11816926313861183, 0.10911169426216637, 0.14963823055327147, 2.0385402767637437
11, 0.1155966888518435, 0.11674455327122955, 0.11773437549003185, 2.3267526079103265
5, 0.0374169470941398, 0.02903796508304709, 0.004480793341388178, 2.3192843755770474
5, 0.04175558363523026, 0.03213511515243022, 0.0053809414255977, 2.1551471723814712
4, 0.027693091031997796, 0.021810182188671076, 0.0020791755011142117, 1.928767778819996
4, 0.028170878261750243, 0.022053369475116578, 0.0021418887958020764, 2.0005755651490356
7, 0.02631739065916418, 0.021554335879385513, 0.0038889695755838813, 0.9663173867055479
4, 0.02067923159618656, 0.01615509138877521, 0.0011091522779882617, 1.0923293807137442
6, 0.023751265590310395, 0.0196727967738092, 0.0026334934152079776, 1.0457875955851763
5, 0.020597763794551763, 0.015804703520224863, 0.0015128652059432715, 0.6739768393447887
4, 0.0382557602620867, 0.031751142555468514, 0.0036823862330216716, 2.460176765743859
5, 0.05410169133805622, 0.04203500946761064, 0.009654116835665142, 2.7167218197070753
9, 0.026546045708122617, 0.021467812264290374, 0.004907924832032806, 0.46707303018357604
4, 0.02328988625341032, 0.018941620079942413, 0.0011649391139287781, 0.8191129018588162
4, 0.032252158659915826, 0.024710635617630247, 0.0018925936293776582, 1.7841073097698046
6, 0.037482282483696644, 0.030092058484517292, 0.006058494553299295, 1.5789367310635487
6, 0.03263753279981335, 0.026330294481550807, 0.005233535974643426, 1.1171754120451582
6, 0.04055868976134206, 0.03342043675340373, 0.007919408438558949, 1.5435548165716955
7, 0.08086539706220948, 0.062383401391115145, 0.014253072617614056, 2.098523942019311
4, 0.029706201768142104, 0.023966787190302645, 0.0023710032848203834, 2.6222928491266977
5, 0.05112755592068541, 0.03751238490714727, 0.00567767005765425, 2.1927092344218586
6, 0.030272364951322794, 0.02441505491019952, 0.004391471582975832, 1.440669751298794
5, 0.042431746359730446, 0.0334494411631633, 0.005041930625092353, 1.6652289481940876
9, 0.03463569095673428, 0.028848510962374556, 0.008980694430113283, 0.9161923117142795
6, 0.04082426286865351, 0.03349091335051289, 0.006802504465107018, 1.3479664404774794
9, 0.03492676057869172, 0.029359093555578697, 0.00876386680430122, 0.8834287221561723
7, 0.03665380169436076, 0.02956436337293079, 0.007791116387294576, 1.2629355317359947
7, 0.022142072611031717, 0.017569087478071115, 0.0028787316205453016, 0.613270853735376
7, 0.032035067508725784, 0.026054058737023978, 0.00597626834391242, 1.1067898437666361
8, 0.03334369744772765, 0.027091641835646586, 0.006766190663024372, 0.7746074214383178
6, 0.03074115991962376, 0.025474038071911575, 0.002988690132046637, 0.736767548965071
7, 0.03538906711653842, 0.028387920429528136, 0.004593473805446148, 0.7385520830504975
7, 0.03355532300644418, 0.02717355737695461, 0.006495337442248939, 1.0134661276709076
7, 0.03436210395310948, 0.027635995430399747, 0.006558330880366972, 0.8695853920145928
6, 0.030500431438020954, 0.024767557165172052, 0.004479460915742354, 0.8711039629451036
5, 0.0383150271233327, 0.029080220585529747, 0.004811106326340321, 1.7799960907737153
6, 0.040584344573005415, 0.03438627828643084, 0.0058732204500554904, 1.1011451687923905
5, 0.04053275638291427, 0.0326125953452945, 0.005484448829282038, 1.8240013337304957
5, 0.036830593433280906, 0.03049460987365469, 0.004206519104125386, 1.2027023864569375
4, 0.037599755853753664, 0.03198345786044807, 0.003236960565741336, 1.5882952658819713
6, 0.03587996233980981, 0.029663392132881106, 0.005209845627917776, 1.338568905332365
6, 0.04294301929121129, 0.035920209777202845, 0.005994345901027206, 1.34770533130541
4, 0.028866628923474906, 0.022735042349575088, 0.002438691501653416, 1.2397930393459493
5, 0.03482863306196996, 0.026754956281501617, 0.0044332286129097585, 2.0614429146582616
4, 0.039476344666519565, 0.033499683951189366, 0.0028526568974053803, 1.6519164622463731
5, 0.03341110615501425, 0.026489878991517897, 0.004036940804643077, 1.4746465396887478
4, 0.03479159102052218, 0.026732430696239123, 0.0029653643143311365, 1.467317557635974
7, 0.1217813421012659, 0.10370748618331652, 0.07757459232131696, 1.338929555538346
4, 0.04271911837093338, 0.032681849328515374, 0.0036359629660562007, 2.134847733273966
4, 0.04255670895903539, 0.03505567352666225, 0.003993016259895397, 1.4207384541749633
7, 0.03158798507482608, 0.025337159568197067, 0.005933502199918691, 0.8909488118981466
5, 0.04264180040677668, 0.03413858246772658, 0.0057084577703900964, 1.6128087401510198
5, 0.03861721717282412, 0.033687697745305625, 0.0048067421231072615, 1.6064794895430308
7, 0.041029208238384796, 0.035158508357949904, 0.007710135685871181, 1.2065265701978536
8, 0.0366516370184636, 0.030312213620406904, 0.007734120916936652, 0.9937339035926954
8, 0.04459549352730443, 0.035238316906933215, 0.009386699638282182, 1.3189994444232314
7, 0.042531726149830966, 0.03376990096711103, 0.006740228882955915, 1.3522455120603396
7, 0.037916755060800035, 0.033329400750020714, 0.007710623074099365, 1.3534030136313442
4, 0.037229294479326325, 0.02852279404985997, 0.0022807602988724343, 1.1352003823302814
8, 0.03812916729442361, 0.03232627190574135, 0.009659981611025475, 0.990492126420413
4, 0.06343096021401301, 0.04846746868780544, 0.0016219490462450353, 1.6230793450058418
6, 0.05289124844818984, 0.0409810623016205, 0.004595145464747628, 0.724390697464613
4, 0.06555789219922512, 0.049749588365411594, 0.0012733497785664817, 1.2142668779941188
4, 0.02072102090552591, 0.016012817393067487, 0.0010918561600449669, 0.7543288790040306
4, 0.047559653394982596, 0.03243900046091345, 0.001530648092525599, 1.3608490034632916
4, 0.04275890400766219, 0.03678320519797133, 0.0013187466268586151, 1.5434143380886904
4, 0.03127957808339206, 0.026023943575182167, 0.0014432896287563358, 1.6039757678698554
4, 0.02382714608295444, 0.018392378568880936, 0.0014962829299962669, 1.6861336365617334
4, 0.035113807903787965, 0.028995861503375166, 0.0024679281763100944, 2.284534061541983
4, 0.027340400644216254, 0.02089804567584965, 0.00169030921160004, 1.591920372122051
4, 0.03047201732743834, 0.02278131618906668, 0.0016797842978312405, 1.5713063986148597
4, 0.02730734860726819, 0.023378285029015896, 0.0016323808161433702, 0.9839126642921521
4, 0.06779936668678596, 0.049681152547369295, 0.001859297854284653, 1.6685704107263706
4, 0.03430481997687074, 0.025636839452388493, 0.0015860611624182066, 1.378910212993838
5, 0.08287575581859787, 0.055204970476353324, 0.0036078427707851588, 1.5921127606936964
5, 0.03598008474657171, 0.027466735470402803, 0.0033403187749062764, 1.1271316814369714
6, 0.025830126314353614, 0.021288127553105066, 0.002920317595927692, 0.8874800227350276
7, 0.03475490117870531, 0.029882600291856822, 0.005902807111447946, 1.3823566134776293
4, 0.021068649702322945, 0.016339405775494503, 0.0013259807637435225, 1.145481737548891
4, 0.04228760433184024, 0.032451057842547065, 0.002015191259466877, 1.201118620846865
4, 0.024343903926377763, 0.018794079278877145, 0.0016472893273930904, 1.6150236781524485
4, 0.034975058148339795, 0.02952176447931511, 0.0019682938526979455, 1.5492996688221388
5, 0.08279141912479648, 0.06342449346214632, 0.01962271250104037, 3.341064653977
5, 0.09338214086368307, 0.07174713345412152, 0.029118591130052204, 3.458809848974573
5, 0.0894368827291869, 0.07159077111311311, 0.02881246301095315, 2.25387609842033
9, 0.08615640867478844, 0.07785803166963648, 0.05075572554175821, 2.5424527519337863
10, 0.10052928732005183, 0.08927848448351375, 0.08781773011497007, 2.477474379080882
8, 0.0867954653683794, 0.07666737879295432, 0.05048800588932846, 2.505922075312723
9, 0.08196753676470044, 0.07394404743120274, 0.05062266089713664, 2.4269906051102743
9, 0.10637625193344072, 0.09512471008111222, 0.08724441854429282, 2.1253469810988026
9, 0.08283628885825416, 0.06998381422540782, 0.051571773530707216, 2.2086857557049133
8, 0.087314053467087, 0.07646685256612919, 0.05029529061307298, 1.926294556630731
10, 0.08275016265226595, 0.0736950908931374, 0.05885996514501925, 1.647089341952652
10, 0.08860813464869205, 0.07842681514297034, 0.06654132866075935, 1.580628040735042
11, 0.08792786214254036, 0.07609898575802894, 0.07437576018988841, 1.6165396171537583
11, 0.11572974220865447, 0.10660014898762754, 0.08820938107615255, 1.6035205576969682
6, 0.03933312040555492, 0.032985668647817414, 0.006191077519386759, 1.714077761529188
4, 0.02914268088917377, 0.023187129244907585, 0.0023321926242345697, 1.8531689778935707
9, 0.0924275074907564, 0.08437016946611046, 0.02678390437179639, 1.999636582764525
10, 0.09845305374799758, 0.09014916952879173, 0.06383504796016443, 1.9885726325593662
12, 0.09979508760739006, 0.09115579268228224, 0.05082164929949784, 1.7764138263197053
6, 0.030229645980165875, 0.02434822324791991, 0.004433629257280443, 1.5118904736484216
6, 0.03704207281941279, 0.029588971596877522, 0.005613936449793843, 1.5501417080924307
7, 0.03639684012213609, 0.029728001947193664, 0.007340350603079384, 1.092610135733269
6, 0.04301748436008512, 0.032513973626382225, 0.005170880874993615, 1.4823642625637898
5, 0.03215041467472821, 0.02484577408583279, 0.0027782390637915, 0.9407095813505758
7, 0.06061766834333982, 0.0432354373312596, 0.020583278916365525, 1.0828437312373014
9, 0.08858601966391794, 0.07138570960437098, 0.060836231340045344, 1.2246732849863333
10, 0.09127556971397752, 0.08282557981684574, 0.07167205866319132, 1.634999704213758
11, 0.0757481471421348, 0.06695650425070916, 0.053368375231013496, 1.8833561444214921
12, 0.0940260365617171, 0.0856421318937557, 0.09160160368757025, 1.6797562072310543
12, 0.07723274970453507, 0.07247693447143763, 0.04710111883380923, 1.8289874688706038
10, 0.08944789101739972, 0.081382426648123, 0.06097063822033325, 2.3081874373997895
12, 0.1134764209342955, 0.10350361686047536, 0.13074320143522303, 1.6540151579786333
12, 0.11790793967282438, 0.10947088634111035, 0.1330113498004177, 1.5390207766130635
13, 0.10283658669003694, 0.09222429333223738, 0.10891194336770867, 1.516025593199517
14, 0.08603670132878995, 0.08199372761833437, 0.08427946150228376, 1.1570202772093103
12, 0.09754837029723884, 0.09264081739679987, 0.09673259668145068, 1.3576784696783646
11, 0.08837989268217837, 0.08029345643545197, 0.07467641048169962, 1.627506679672465
10, 0.10052245306550375, 0.08829545125961177, 0.06393545111352104, 1.8595715024500814
8, 0.0960671462798208, 0.08539854138274108, 0.06181031215429255, 1.9514973239895756
7, 0.0965051546171896, 0.08685913458474571, 0.050769953579614245, 2.6135220240589807
7, 0.11915819713076102, 0.10069819403767911, 0.07923382000935981, 3.0628013919345856
7, 0.12256199124125025, 0.10874158357115855, 0.0828194912969118, 3.6440330808867545
8, 0.1001340793558997, 0.08864641977678969, 0.06307213142851134, 4.373791143130239
7, 0.0735331688917009, 0.05838653520753726, 0.030368652866654876, 4.377155218217664
17, 0.09125761726397956, 0.07982910157665404, 0.11455592991762972, 0.6469918088804216
17, 0.0917538047011102, 0.08022148135125397, 0.11919484957632782, 0.6229798861290735
18, 0.09066867839671398, 0.08526863011148164, 0.13143468762075855, 0.7834139228725137
14, 0.12925385466890463, 0.11872880136104949, 0.13620794022117544, 1.1071588915173802
12, 0.10552859811683216, 0.09792353408010211, 0.12152146663628899, 1.113427156398933
6, 0.0354356607433182, 0.029057537089009062, 0.005831158934893313, 1.7093687296261815
4, 0.044479396111198555, 0.036133264142550935, 0.003905164961724313, 3.325892293774598
4, 0.035958406966506234, 0.028166479106394207, 0.002942544603456122, 2.1073914679719885
4, 0.07940210558689095, 0.05201430857240401, 0.0026095251065102612, 1.661856070484208
9, 0.11573724518219645, 0.10476120166434509, 0.09101265625767564, 1.2761517395058524
8, 0.0931876972122276, 0.08293406658312352, 0.0573614496082185, 1.6567432467318386
4, 0.0391910834672998, 0.03263979457312941, 0.0032379087483712255, 2.4102302568775458
4, 0.09063700697294769, 0.0781117629640739, 0.005693665554792641, 4.727599208390945
4, 0.04464950286176761, 0.03570332356745179, 0.003975171521801764, 3.161940787938409
5, 0.029334637212007318, 0.02273590045863557, 0.0029449667015795803, 1.5455097232616002
13, 0.09077139805491714, 0.08503495633676503, 0.08032896237165715, 1.3585025468647665
9, 0.03312987907722389, 0.02568529371381287, 0.005213360317416303, 0.7124506441043044
21, 0.07846361992917482, 0.06781480177403185, 0.06093675072947773, 0.6530559774876323
7, 0.021449254988449448, 0.01745135847466537, 0.002583299970985965, 0.6477988654282408
8, 0.024695070339397267, 0.020831340254340382, 0.004090713076037974, 0.5463110574747124
7, 0.03407716100287263, 0.027589909657458313, 0.005791487510022377, 1.1414188860491192
4, 0.034325987509991066, 0.027770730835306533, 0.0011259699033523895, 0.7986571413385721